0.8290423689538259 
0.8425096258443918 
0.8327246876430316 
0.8122388508070022 
0.8327452242477185 

 ---- 
0.6172731258220079 
0.6496321070234113 
0.6810267703530384 
0.7011417058428475 
0.6103423160961399 

 ---- 
0.5813387423935092 
0.708032360589425 
0.632176526496956 
0.6595056117881981 
0.6444945509207065 

 ---- 
0.7666331188670429 
0.7880997177798683 
0.7403125882372481 
0.7463077363662398 
0.7681968812555722 

 ---- 
0.8128790066416403 
0.7395999453228231 
0.7825105018293509 
0.740333499931846 
0.7357007319056654 

 ---- 
0.7555396711937098 
0.8151593171907788 
0.7915326212842619 
0.7907955907721996 
0.7929232006433454 

 ---- 
0.7483507736944806 
0.7768972181802121 
0.7151635188487178 
0.7200549507596167 
0.7555697686813773 

 ---- 
0.6277229599270323 
0.6911212735665904 
0.7504140036742826 
0.5419568245125348 
0.5151220167164581 

 ---- 
