0.759964039556488 
0.8471806376461453 
0.8435884903757163 
0.8072939920574442 
0.840334468960474 

 ---- 
0.683725690890481 
0.5722348747400733 
0.58381830192834 
0.6889167188478398 
0.6479400749063671 

 ---- 
0.6625830731043318 
0.6819232547387888 
0.6230118705873225 
0.6471482119339479 
0.7012044471896233 

 ---- 
0.7686450131764021 
0.8097002913719242 
0.8191265002492427 
0.8079020895354321 
0.8016494559567537 

 ---- 
0.8057669203043653 
0.7792539601430761 
0.7528131832968908 
0.75284661754856 
0.7582811101163831 

 ---- 
0.8243559718969555 
0.7911802474900771 
0.8109270445767963 
0.729818471785731 
0.8010701154522955 

 ---- 
0.7482790800982309 
0.7296052883497349 
0.7595398532435426 
0.7845697734520525 
0.7134271202375629 

 ---- 
0.6526172671651937 
0.6780478517484292 
0.6901864463548063 
0.6463436311280173 
0.5871734975578679 

 ---- 
