0.7317629065391132 
0.7221101346958985 
0.7573114152418615 
0.7371605101788776 
0.7386773072910504 

 ---- 
0.6735905044510386 
0.6137841352405722 
0.6716077537058154 
0.6627108057464084 
0.7315414715504522 

 ---- 
0.5903735271997994 
0.4631181205848529 
0.541105468462501 
0.48587339284251907 
0.5013965298349556 

 ---- 
0.760618641361376 
0.7842762070209891 
0.7313095248411949 
0.7623955688512365 
0.7358825388336534 

 ---- 
0.7306055415261271 
0.7573423206547906 
0.6716833497814747 
0.6857865879375791 
0.7787944259965489 

 ---- 
0.665853233397246 
0.7325303478206178 
0.7241198108250131 
0.7415797883279809 
0.8010777585989138 

 ---- 
0.68485094550868 
0.7301637381706331 
0.7395996812902914 
0.7383328953084858 
0.7023940371190766 

 ---- 
0.5958923512747875 
0.6115866193234909 
0.7194503554126861 
0.5077440054337625 
0.6213649559612262 

 ---- 
