0.02970992853759491 
0.0 
0.0 
0.5925946370063124 
0.0006118501369948293 

 ---- 
0.33136489189446616 
0.2545454545454545 
0.37839580071829815 
0.17565070546629302 
0.0 

 ---- 
0.2708273912930744 
0.010273448599969481 
0.27032859244727814 
0.07336936936936944 
0.0 

 ---- 
0.1699162564725436 
0.3396714124714373 
0.23073649971160315 
0.49390243902439024 
0.27020374341976994 

 ---- 
0.0 
0.12961407273205738 
0.2217506631299735 
0.0 
0.04786935442714968 

 ---- 
0.21347274255352489 
0.0 
0.3294638549087503 
0.4984274126800199 
0.6295185649637425 

 ---- 
0.556341943270624 
0.5333605637339561 
0.16944918488583938 
0.28505127065329583 
0.47295929178536955 

 ---- 
0.21589151709998688 
-0.0022736261677487324 
0.4917653676677396 
0.36040674291907915 
0.2602777536405968 

 ---- 
