0.0 
0.0 
0.0 
0.0 
0.0 

 ---- 
0.0 
-0.0015920154303035172 
0.0 
0.007101191985797728 
0.0 

 ---- 
0.0 
0.0 
0.0 
0.0 
0.0 

 ---- 
0.17946226697781698 
0.0 
0.0 
0.0 
0.22616322253085486 

 ---- 
0.0 
0.20664574755591025 
0.0 
0.0 
0.0 

 ---- 
0.0 
0.0 
0.0 
0.0 
0.02721502681687249 

 ---- 
0.002149157550294545 
0.13069036844533988 
0.0 
0.014078351802715772 
0.019440288382054582 

 ---- 
0.02482409231635241 
0.017752019349244752 
0.0179647127054563 
0.0017076356472957022 
0.012578316490727492 

 ---- 
