0.7634516567243518 
0.750521609538003 
0.68443699870337 
0.7447321826107665 
0.6783162888141607 

 ---- 
0.6337175229537019 
0.41392375088799427 
0.5733333333333333 
0.4239706481858948 
0.5033444816053512 

 ---- 
0.6000146487951366 
0.6657801215178265 
0.6725816063033834 
0.5372319379599588 
0.6222109853991531 

 ---- 
0.7780953013889812 
0.7617633033403951 
0.7268535262206148 
0.7457812942541547 
0.7641371902094682 

 ---- 
0.7522760957018844 
0.7832540668262093 
0.8144519289650949 
0.713141924626447 
0.7473237729751565 

 ---- 
0.7559832635983263 
0.8068920676202861 
0.7747955460919805 
0.7927491733585262 
0.7718489211460613 

 ---- 
0.700882929066152 
0.7533308217409127 
0.7522467764110531 
0.6995891142815899 
0.6716344840457328 

 ---- 
0.5193621629539724 
0.5485872327702197 
0.5973785118167465 
0.41380263317893906 
0.5787124340581958 

 ---- 
