0.7865113853641579 
0.830370129095301 
0.7847962473496181 
0.7753160280586233 
0.7700622630490086 

 ---- 
0.5224619738238416 
0.42980615926827215 
0.5712309820193637 
0.5946598037638733 
0.5894592431690866 

 ---- 
0.6642138459228113 
0.6498092719571271 
0.6513438726699414 
0.5896500892233687 
0.5790793625111237 

 ---- 
0.7260268483269886 
0.7960096105249244 
0.7696689379006348 
0.7757650782706802 
0.7978282929286196 

 ---- 
0.7725192055088963 
0.7948021985478727 
0.7963063552417164 
0.7073614844359664 
0.8039016312479119 

 ---- 
0.8066641206797786 
0.8089683880806166 
0.735198472100346 
0.7352812484807234 
0.8165015484214508 

 ---- 
0.7651107967939651 
0.7504230037932353 
0.7607567552281436 
0.7646812500568952 
0.726317146762256 

 ---- 
0.6137579926100352 
0.5863875384462744 
0.5108823316174871 
0.5195227128522077 
0.6028948488718604 

 ---- 
