0.46755962622759883 
0.5263340291931053 
0.530766707282782 
0.47730317943323686 
0.5284586301792649 

 ---- 
0.40779084049833314 
0.4067246718773042 
0.5448464090763138 
0.510286951813752 
0.35738086423017923 

 ---- 
0.646593962383436 
0.5949045629556813 
0.5371182521330038 
0.5004581867628366 
0.5923831697987694 

 ---- 
0.6403940886699507 
0.7156929679118307 
0.5595808584055627 
0.6369211289697725 
0.5905541403933687 

 ---- 
0.4941585096305653 
0.5185043144774688 
0.6948428150821541 
0.5629904320924419 
0.5145228215767634 

 ---- 
0.6530310725333579 
0.6453023416374202 
0.6761113082264687 
0.613776880652288 
0.6641953772350633 

 ---- 
0.6872974171756117 
0.5632077471466982 
0.6816583602841806 
0.6499179462579987 
0.5707644214070056 

 ---- 
0.4983761959097691 
0.4827876692494669 
0.5130677603734892 
0.5220754389014427 
0.4782954555174449 

 ---- 
