0.016201330902764433 
0.18198440382449133 
0.020199210433405668 
0.7794860098900074 
0.6625910690934664 

 ---- 
0.6474845191614235 
0.6790697674418604 
0.6310265660872417 
0.004246759052302096 
0.566017885323514 

 ---- 
-0.01009798468187073 
0.7001653367838401 
0.7005802707930368 
0.4007900223108153 
0.5182072829131652 

 ---- 
0.7018447018447018 
0.5304154946157945 
0.7101617393609969 
0.4897304236200257 
0.732309712611748 

 ---- 
0.7709735675586932 
-0.011556620393206707 
0.009100679121029964 
0.0 
0.021234240212342326 

 ---- 
0.022122161315583422 
0.12962752021870372 
0.7679607990953637 
0.3310912703162028 
0.7782048698832902 

 ---- 
0.23415888054855538 
0.6685435422839496 
0.6808565886541212 
0.689102338288595 
0.33178995533282496 

 ---- 
0.10201511335012592 
0.00999406945329151 
0.31813216821409074 
0.5730023149996009 
0.36013145606989216 

 ---- 
