0.8008084676347003 
0.8008084676347003 
0.8008084676347003 
0.8008084676347003 
0.8008084676347003 

 ---- 
0.6605564117122233 
0.6605564117122233 
0.6605564117122233 
0.6605564117122233 
0.6605564117122233 

 ---- 
0.6423092633776608 
0.6423092633776608 
0.6423092633776608 
0.6423092633776608 
0.6423092633776608 

 ---- 
0.6616933873452387 
0.6616933873452387 
0.6616933873452387 
0.6616933873452387 
0.6616933873452387 

 ---- 
0.7919816420111804 
0.7919816420111804 
0.7919816420111804 
0.7919816420111804 
0.7919816420111804 

 ---- 
0.6705484437213683 
0.6705484437213683 
0.6705484437213683 
0.6705484437213683 
0.6705484437213683 

 ---- 
0.7359767695269417 
0.7359767695269417 
0.7359767695269417 
0.7359767695269417 
0.7359767695269417 

 ---- 
0.7100520584630898 
0.7100520584630898 
0.7100520584630898 
0.7100520584630898 
0.7100520584630898 

 ---- 
