0.8254580568160953 
0.8196134868421052 
0.8163112709047395 
0.8284623783163454 
0.8227733486451272 

 ---- 
0.6613056567897322 
0.6739258156750617 
0.6509553481397212 
0.6600938220561343 
0.667911969376077 

 ---- 
0.6690752081772922 
0.6383170413081669 
0.6644868776702415 
0.6385536843035848 
0.6585928489042676 

 ---- 
0.6437869315748908 
0.6366840786512082 
0.6574536613312281 
0.6503467682337559 
0.6577780333359687 

 ---- 
0.7635953469689163 
0.7767736443213035 
0.7966413636758585 
0.7808559064964163 
0.7649796717242038 

 ---- 
0.6871457152384128 
0.687095310760094 
0.6894223555888972 
0.672165466421035 
0.6679871255261203 

 ---- 
0.7444544987845971 
0.7476228204413926 
0.7505148686947816 
0.7399361376725544 
0.744423630140995 

 ---- 
0.6784331253463965 
0.6606112856622383 
0.6533585230354838 
0.6690043823007812 
0.6856491108397238 

 ---- 
