0.8055169275738394 
0.7976050296996624 
0.8023084240566536 
0.7856690123542135 
0.788838771608678 

 ---- 
0.5793435112331574 
0.568337723437522 
0.5781485408180347 
0.5611843692779379 
0.5677115492310565 

 ---- 
0.651743329513832 
0.6755287488591724 
0.6604953308972797 
0.6843028012623213 
0.6771640761332738 

 ---- 
0.656223210458637 
0.6285453072080122 
0.6521640886588197 
0.6387879204315112 
0.657914188643931 

 ---- 
0.7751647334747993 
0.765875693198835 
0.7766451221099206 
0.7942007532390436 
0.7773247504780152 

 ---- 
0.6487658438959307 
0.612152233137951 
0.6351659488218899 
0.6268102487931675 
0.6145020057800975 

 ---- 
0.6828031073287661 
0.6655274441008737 
0.6605802618922978 
0.6498263811235041 
0.6465128584464037 

 ---- 
0.38431221020092754 
0.36021870025607317 
0.3599497270950309 
0.3447421009620998 
0.4415481433957369 

 ---- 
