0.8179141471621969 
0.8179141471621969 
0.8179141471621969 
0.8179141471621969 
0.8179141471621969 

 ---- 
0.650567142334431 
0.650567142334431 
0.650567142334431 
0.650567142334431 
0.650567142334431 

 ---- 
0.6573614279962422 
0.6573614279962422 
0.6573614279962422 
0.6573614279962422 
0.6573614279962422 

 ---- 
0.6805800301479799 
0.6805800301479799 
0.6805800301479799 
0.6805800301479799 
0.6805800301479799 

 ---- 
0.7966228893058162 
0.7966228893058162 
0.7966228893058162 
0.7966228893058162 
0.7966228893058162 

 ---- 
0.6972103603783374 
0.6972103603783374 
0.6972103603783374 
0.6972103603783374 
0.6972103603783374 

 ---- 
0.7535651265823964 
0.7535651265823964 
0.7535651265823964 
0.7535651265823964 
0.7535651265823964 

 ---- 
0.7191614546984515 
0.7191614546984515 
0.7191614546984515 
0.7191614546984515 
0.7191614546984515 

 ---- 
