0.6314598441364981 
0.6314598441364981 
0.6314598441364981 
0.6314598441364981 
0.6314598441364981 

 ---- 
0.5585666293393057 
0.5585666293393057 
0.5585666293393057 
0.5585666293393057 
0.5585666293393057 

 ---- 
0.6680285187855483 
0.6680285187855483 
0.6680285187855483 
0.6680285187855483 
0.6680285187855483 

 ---- 
0.6427561212764077 
0.6427561212764077 
0.6427561212764077 
0.6427561212764077 
0.6427561212764077 

 ---- 
0.7658295139151591 
0.7658295139151591 
0.7658295139151591 
0.7658295139151591 
0.7658295139151591 

 ---- 
0.6241580601706331 
0.6241580601706331 
0.6241580601706331 
0.6241580601706331 
0.6241580601706331 

 ---- 
0.6217047258576684 
0.6217047258576684 
0.6217047258576684 
0.6217047258576684 
0.6217047258576684 

 ---- 
0.4532965000123327 
0.4532965000123327 
0.4532965000123327 
0.4532965000123327 
0.4532965000123327 

 ---- 
